100 100 1000
1 8 13
1 16 88
1 17 -17
1 18 87
1 59 10
1 60 56
1 82 26
1 98 -4
1 100 -50
2 9 -48
2 17 4
2 18 83
2 30 78
2 47 -95
2 56 -5
2 63 -89
2 69 30
2 72 94
2 73 -79
2 75 -57
2 77 -96
2 84 -45
2 92 6
2 97 -15
3 2 36
3 10 -3
3 16 -58
3 20 15
3 79 -44
4 7 42
4 15 59
4 24 -59
4 27 17
4 29 71
4 33 24
4 35 40
4 36 15
4 46 44
4 54 -59
4 62 59
4 63 96
4 68 -41
4 71 -56
4 80 12
4 97 -95
5 15 -59
5 17 -74
5 21 -31
5 24 -20
5 26 -6
5 27 -56
5 58 -15
5 62 -61
5 68 25
5 79 -66
5 80 35
5 81 -55
5 98 66
5 100 -68
6 10 2
6 19 59
6 20 32
6 22 47
6 46 -82
6 59 88
6 60 89
6 65 -28
6 81 10
6 91 39
6 98 -47
7 20 76
7 30 -10
7 50 -92
7 52 72
7 55 -48
7 64 -2
7 67 -30
7 83 -77
7 89 53
7 92 -50
7 100 -98
8 1 55
8 3 60
8 4 -58
8 11 -16
8 19 -26
8 28 45
8 30 69
8 32 69
8 49 41
8 63 45
8 66 59
8 73 -11
9 2 55
9 11 -88
9 16 -75
9 22 78
9 26 -7
9 46 -79
9 51 92
9 53 -63
9 65 -96
9 73 -54
9 83 -23
9 85 -14
10 9 54
10 17 85
10 41 -18
10 44 46
10 58 24
10 60 39
10 62 48
10 67 -4
10 71 -49
10 83 77
10 94 -67
11 16 20
11 19 -41
11 20 97
11 21 -84
11 27 -22
11 30 29
11 32 43
11 37 23
11 42 59
11 52 -58
11 68 -96
11 80 -24
11 98 -84
12 18 -6
12 26 -73
12 35 94
12 37 48
12 39 -31
12 45 67
12 50 -17
12 52 82
12 56 -80
12 57 27
12 72 -20
12 90 -66
12 91 67
13 3 100
13 10 -48
13 33 -60
13 38 -84
13 63 16
13 71 59
13 72 47
13 77 -2
14 3 40
14 9 -2
14 11 -69
14 19 -88
14 26 -43
14 39 -54
14 41 39
14 43 43
15 2 38
15 5 -60
15 16 24
15 17 -2
15 32 44
15 36 -47
15 60 10
15 92 80
16 2 87
16 27 -87
16 28 62
16 31 -89
16 34 99
16 49 77
16 58 96
16 60 -80
16 69 -14
16 86 -49
16 89 -71
16 93 19
17 6 39
17 12 -67
17 17 -76
17 19 32
17 21 -5
17 23 37
17 38 -65
17 43 -51
17 44 -38
17 45 -69
17 52 -51
17 57 17
17 74 37
17 75 12
18 21 -54
18 24 -15
18 35 -33
18 40 -99
18 46 57
18 64 -17
18 66 83
18 78 27
18 87 92
18 91 42
18 93 69
18 94 -24
19 2 70
19 12 82
19 53 -82
19 59 33
19 67 -35
19 75 -65
19 88 -34
19 92 -33
19 94 59
20 9 -4
20 20 -88
20 28 -53
20 48 -10
20 63 -73
20 68 55
20 81 47
20 88 -76
20 94 -11
20 100 -10
21 1 -64
21 7 62
21 11 -55
21 30 97
21 32 -38
21 43 46
21 52 -94
21 71 -50
21 94 42
22 19 -60
22 34 89
22 41 41
22 44 55
22 65 -47
22 88 64
22 96 -67
23 14 91
23 17 27
23 24 -24
23 66 7
23 68 -47
23 73 66
23 89 54
23 98 65
24 42 96
24 54 35
24 65 -90
24 68 37
24 76 -46
24 77 61
24 84 -85
24 96 -26
25 2 -44
25 6 25
25 8 -27
25 13 -49
25 22 86
25 29 -95
25 44 -60
25 53 -33
25 82 -55
26 6 61
26 9 -19
26 33 -93
26 51 -72
26 57 85
26 91 -1
26 98 9
27 19 -37
27 31 52
27 38 -97
27 41 -17
27 51 46
27 59 80
27 90 72
27 93 33
27 99 -15
28 10 71
28 18 -75
28 19 -87
28 22 6
28 42 -14
28 49 33
28 64 -34
28 71 53
28 75 -81
28 77 -58
28 94 52
28 100 -79
29 2 24
29 10 54
29 26 -44
29 28 33
29 38 86
29 49 70
29 52 6
29 58 73
29 60 -91
29 62 -46
29 63 52
29 64 -51
29 72 -50
29 82 -69
29 93 -75
30 2 -62
30 3 -42
30 4 61
30 5 -6
30 8 65
30 18 -86
30 21 -18
30 34 7
30 42 -41
30 49 35
30 74 63
30 83 5
30 88 -98
30 92 83
30 100 -2
31 3 9
31 8 -68
31 12 -89
31 30 15
31 40 53
31 73 79
31 88 -42
31 100 -69
32 19 -100
32 24 -78
32 28 -78
32 38 57
32 42 -92
32 52 72
32 74 -45
32 92 -34
32 93 19
32 96 -47
32 97 -100
32 98 26
33 1 -62
33 2 95
33 3 -6
33 10 83
33 13 73
33 38 -63
33 56 25
33 64 -89
33 74 -46
33 81 -14
33 90 -35
34 1 -15
34 6 63
34 7 -40
34 15 -14
34 46 -26
34 47 12
34 76 -38
34 83 1
34 85 72
34 87 58
34 92 86
34 99 -90
35 37 -29
35 47 -13
35 57 12
35 60 -46
35 80 -71
35 91 60
36 14 51
36 22 34
36 24 -19
36 26 -84
36 38 -35
36 41 -17
36 43 74
36 64 34
37 36 69
37 40 -100
37 64 39
37 65 -55
37 70 27
37 74 -35
37 75 -53
37 76 -50
37 85 36
37 98 36
38 3 -80
38 26 91
38 28 45
38 37 -33
38 55 -22
38 59 -58
38 61 -26
38 66 -4
38 78 81
38 100 -13
39 27 53
39 44 -96
39 53 9
39 56 17
40 10 -33
40 15 95
40 20 86
40 22 56
40 25 -87
40 45 -73
40 56 -23
40 62 -92
40 71 42
40 72 -12
40 79 86
40 81 42
40 96 94
41 8 -31
41 11 49
41 12 73
41 39 53
41 41 73
41 52 24
41 53 46
41 64 -2
41 69 71
41 79 85
41 88 69
42 2 31
42 14 94
42 15 93
42 16 26
42 39 -62
42 65 -42
42 66 84
42 87 -42
42 89 42
42 98 52
43 11 -3
43 17 6
43 30 -1
43 41 -53
43 55 -77
43 71 27
43 77 41
43 90 -55
44 3 -66
44 4 6
44 6 -48
44 7 54
44 10 -96
44 14 -12
44 52 -1
44 61 -79
44 64 96
44 68 15
44 73 70
44 76 20
44 83 -98
45 8 -73
45 13 -48
45 17 -9
45 22 30
45 24 95
45 26 -51
45 32 -27
45 43 -74
45 44 50
45 47 -28
45 49 -51
45 51 -18
45 65 -9
45 71 -62
45 78 79
45 82 8
45 91 10
46 4 -49
46 6 8
46 8 -4
46 27 -68
46 51 31
46 52 65
46 55 35
46 77 86
46 79 66
46 84 -97
47 9 -75
47 10 94
47 19 -51
47 48 12
47 61 80
47 83 96
47 90 14
47 94 -41
48 29 75
48 31 73
48 39 -9
48 42 15
48 45 -80
48 47 46
48 51 -48
48 94 25
48 96 91
48 98 -11
49 9 26
49 40 0
49 44 41
49 45 -1
49 88 47
49 97 87
50 3 79
50 7 -77
50 15 24
50 37 22
50 64 -68
50 71 -32
50 75 -16
50 90 53
50 93 19
50 99 79
51 10 -20
51 16 -53
51 27 35
51 30 -6
51 36 22
51 40 -6
51 41 80
51 57 -41
51 64 98
51 65 -53
51 74 -75
51 81 -69
52 18 44
52 29 9
52 48 -19
52 52 5
52 59 -38
52 65 -80
52 66 93
52 90 -75
52 94 58
53 27 -47
53 46 -25
53 47 -89
53 52 11
53 55 -45
53 61 86
53 94 7
53 100 4
54 8 -66
54 16 99
54 28 95
54 50 -54
54 51 -12
54 56 46
54 63 76
54 71 -8
54 90 -38
54 93 79
54 97 95
55 3 -12
55 9 -56
55 10 93
55 30 79
55 55 70
55 62 -80
55 63 16
55 64 -89
55 82 95
56 30 95
56 34 -24
56 40 -31
56 44 63
56 66 85
56 78 71
56 82 52
56 86 32
57 6 -91
57 26 26
57 62 -46
57 79 59
57 86 19
57 90 95
58 10 3
58 11 -32
58 15 -1
58 16 -88
58 56 43
58 57 60
58 70 -13
58 76 4
59 5 1
59 7 66
59 12 -29
59 14 -73
59 29 33
59 42 -51
59 43 75
59 52 -47
59 71 76
59 73 -52
59 83 -85
60 18 95
60 20 4
60 24 95
60 30 -46
60 38 62
60 50 34
60 57 -55
60 80 -11
60 82 63
61 5 18
61 7 -27
61 17 -5
61 28 27
61 40 21
61 50 33
61 56 -28
61 66 -90
61 83 23
61 90 4
62 8 37
62 19 -56
62 41 -57
62 56 -96
62 57 36
62 70 -19
62 75 -50
62 81 -75
62 99 -6
63 19 58
63 22 25
63 23 -17
63 36 -88
63 37 76
63 38 -50
63 39 83
63 43 78
63 58 -18
63 59 6
63 63 74
63 82 7
63 94 -80
63 100 -64
64 14 64
64 78 -62
64 79 93
64 89 46
64 94 -18
65 11 62
65 31 -51
65 33 33
65 39 8
65 41 1
65 43 62
65 47 33
65 49 -10
65 65 37
65 81 -25
65 82 12
65 95 14
65 99 18
66 2 -7
66 3 -26
66 20 -63
66 67 -25
66 71 88
66 84 15
66 85 -70
67 22 -39
67 35 9
67 39 -13
67 54 -66
67 58 40
67 75 -79
67 87 -49
67 89 -98
68 4 -61
68 14 -36
68 19 73
68 30 -48
68 31 -23
68 32 -78
68 56 100
68 82 66
68 88 45
68 92 -40
69 15 31
69 29 46
69 44 -46
69 56 4
69 61 -95
69 79 13
69 90 55
69 92 -88
70 12 23
70 34 29
70 43 -34
70 53 73
70 56 -22
70 62 -28
70 63 6
70 68 -69
70 84 28
71 16 73
71 20 43
71 29 5
71 44 -78
71 47 -72
71 48 -4
71 73 28
71 77 -50
71 91 -70
71 92 31
72 1 63
72 13 -65
72 19 -71
72 32 30
72 35 44
72 40 -71
72 42 94
72 45 6
72 48 -70
72 54 -22
72 68 18
72 86 14
72 93 -71
72 95 4
73 13 74
73 22 -47
73 29 0
73 33 76
73 37 71
73 58 38
73 61 -51
73 81 -61
73 88 23
73 95 -93
74 2 95
74 6 46
74 31 -61
74 53 -77
74 70 -59
74 71 -10
74 95 -8
75 3 -41
75 9 -86
75 24 -64
75 37 -60
75 40 23
75 47 28
75 55 90
75 76 -22
75 94 -63
76 17 -74
76 18 95
76 19 -93
76 22 -23
76 27 44
76 44 -72
76 55 -37
76 57 46
76 68 -62
76 83 -23
76 88 29
77 15 75
77 17 54
77 18 -92
77 20 65
77 34 -72
77 43 18
77 51 29
77 71 -65
77 89 -97
78 10 -78
78 13 13
78 40 -86
78 59 94
78 65 -79
78 89 10
79 12 -24
79 34 1
79 72 40
79 81 55
79 96 -86
80 11 70
80 40 10
80 44 8
80 45 -79
80 59 21
80 75 81
80 87 -73
80 89 -1
80 97 30
80 99 -2
81 3 -65
81 15 -90
81 18 43
81 31 -96
81 32 -65
81 35 86
81 36 -26
81 43 59
81 58 41
81 62 73
81 66 69
81 67 -19
81 71 45
82 5 66
82 7 -17
82 10 -66
82 23 16
82 36 1
82 44 93
82 58 59
82 72 24
82 88 70
82 93 -66
82 94 -4
83 2 91
83 3 97
83 24 -74
83 26 -45
83 35 15
83 39 -32
83 57 85
83 66 99
83 68 -21
83 76 -29
83 83 83
83 87 -84
84 26 -84
84 32 60
84 33 30
84 40 51
84 63 -42
84 70 -45
84 71 36
84 79 53
84 81 -42
84 87 38
84 95 79
85 2 36
85 6 18
85 20 -48
85 31 46
85 41 54
85 46 35
85 71 40
85 77 66
85 80 -2
85 81 -44
85 83 -46
85 97 58
86 8 -19
86 11 17
86 12 32
86 36 -99
86 39 -67
86 45 85
86 80 87
86 82 98
86 83 76
86 97 -40
87 29 64
87 38 93
87 50 -55
87 54 39
87 84 48
87 88 66
87 97 86
88 9 -43
88 12 84
88 14 82
88 18 -43
88 24 -83
88 36 -95
88 38 25
88 42 20
88 57 -42
88 60 -66
88 62 -17
88 65 -37
88 68 -42
88 73 -50
88 92 3
88 96 61
88 97 31
89 11 51
89 15 -100
89 16 59
89 28 82
89 52 54
89 53 87
89 65 48
89 71 34
89 87 73
89 90 -90
89 93 -43
89 100 -71
90 2 -3
90 23 98
90 24 -63
90 45 44
90 77 84
90 78 4
90 79 -37
90 88 -37
90 98 36
90 99 12
91 18 -49
91 32 55
91 39 14
91 88 -51
91 93 30
91 95 89
92 7 63
92 12 -78
92 21 99
92 37 -52
92 74 37
92 97 58
93 26 -40
93 30 -90
93 37 33
93 39 43
93 46 92
93 49 34
93 72 91
94 2 61
94 10 31
94 25 -5
94 26 -86
94 27 -92
94 67 96
94 72 51
94 84 -49
94 85 3
95 4 -94
95 7 -63
95 26 -93
95 50 92
95 60 99
95 64 -50
95 75 -42
95 77 45
95 80 8
95 90 99
96 16 -49
96 28 88
96 29 47
96 34 -60
96 53 -82
96 57 19
96 66 27
96 68 -54
96 73 -98
96 89 -82
96 92 75
96 99 6
97 26 -88
97 27 96
97 28 94
97 43 -53
97 44 17
97 48 50
97 59 37
97 64 -78
97 70 90
97 84 -16
97 88 -39
97 91 -58
98 1 10
98 12 15
98 26 30
98 28 1
98 36 -64
98 59 -80
98 60 -30
98 69 -76
98 82 -55
99 14 -73
99 23 -54
99 33 -62
99 41 95
99 44 -33
99 58 -68
99 72 -80
99 80 39
100 10 60
100 34 -13
100 40 -88
100 41 -90
100 56 -53
100 70 90
100 77 56
100 79 -52
100 83 -21
100 95 -93
100 96 -55
100 100 37
