1000 1000 100
5 439 7
26 153 1
31 240 7
52 964 8
61 315 10
71 679 1
78 716 1
96 644 7
96 907 10
101 436 6
109 493 5
125 419 3
130 381 10
131 173 3
131 340 5
135 917 10
169 929 2
196 90 6
212 227 9
217 397 7
238 390 7
238 760 6
269 706 5
272 263 4
280 107 4
280 550 10
288 822 1
304 141 1
310 532 5
313 181 8
319 811 2
320 321 9
343 567 2
347 11 5
359 242 4
369 352 10
384 946 7
391 493 10
394 929 4
401 574 9
406 471 10
422 654 2
425 396 9
425 451 1
425 693 6
437 288 1
451 622 1
483 394 9
499 681 3
514 457 7
518 800 2
518 883 1
522 61 1
544 736 8
563 582 8
570 779 5
584 405 10
598 224 10
603 826 6
610 376 5
633 152 8
664 636 9
665 430 8
682 898 10
712 788 1
712 888 7
739 235 9
749 553 4
761 739 10
769 703 9
771 169 10
772 33 10
772 998 2
775 908 10
779 548 10
790 867 6
797 445 7
797 895 10
801 304 8
846 388 8
849 878 4
851 50 1
858 460 6
871 570 2
874 77 7
875 488 9
877 15 2
879 920 1
885 636 6
895 894 3
896 603 4
900 528 3
916 224 5
935 401 6
942 608 1
945 297 10
962 753 2
983 428 4
988 62 1
992 654 3
