1000 100
8 5
11 1
24 7
56 6
68 5
73 3
76 1
90 8
98 1
147 8
148 1
151 2
168 2
173 3
203 6
227 2
229 10
230 5
232 6
248 3
261 2
267 7
268 3
269 8
272 6
275 6
283 3
284 10
332 5
342 2
354 2
355 3
366 4
376 7
387 8
403 5
406 3
418 7
421 2
422 8
431 8
440 6
480 6
481 7
483 3
504 2
511 4
532 5
538 3
543 5
558 5
568 4
586 4
616 10
630 4
631 6
632 6
634 1
636 10
693 3
694 1
702 2
709 10
713 4
720 9
742 7
745 9
749 1
752 6
756 6
774 6
777 10
786 1
788 9
791 6
823 3
829 10
841 8
844 5
848 3
850 7
856 8
859 9
897 6
898 8
899 10
922 9
923 3
924 7
931 10
933 10
944 3
962 1
971 1
974 6
977 4
978 1
981 10
984 10
987 5
